# Made in Blockbench 4.1.4
mtllib Imp.mtl

o Upper Jaw
v 0.3378536228875627 1.1146448066538293 0.08187267249452584
v 0.41791930066682015 1.0421275769758829 -0.40631862058799534
v 0.2969825607185018 0.7450085538808435 0.13007637477057657
v 0.3770482384977593 0.672491324202897 -0.35811491831194464
v -0.07261083042838332 1.0850434025645983 -0.4931427094214606
v -0.15267650820764075 1.157560632242545 -0.004951416338939363
v -0.11348189259744412 0.7154071497916127 -0.44493900714540985
v -0.1935475703767016 0.7879243794695592 0.04325228593711137
vt 0.125 0.875
vt 0.25 0.875
vt 0.25 0.78125
vt 0.125 0.78125
vt 0 0.875
vt 0.125 0.875
vt 0.125 0.78125
vt 0 0.78125
vt 0.375 0.875
vt 0.5 0.875
vt 0.5 0.78125
vt 0.375 0.78125
vt 0.25 0.875
vt 0.375 0.875
vt 0.375 0.78125
vt 0.25 0.78125
vt 0.25 0.875
vt 0.125 0.875
vt 0.125 1
vt 0.25 1
vt 0.375 1
vt 0.25 1
vt 0.25 0.875
vt 0.375 0.875
vn 0.16013135555851488 -0.145034459355893 -0.9763825861650424
vn 0.9810602621904069 -0.08583165117743141 0.17364817766693041
vn -0.16013135555851488 0.145034459355893 0.9763825861650424
vn -0.9810602621904069 0.08583165117743141 -0.17364817766693041
vn 0.10898949911749557 0.9856966740612954 -0.12854320606946856
vn -0.10898949911749557 -0.9856966740612954 0.12854320606946856
usemtl m_0
f 4/4/1 7/3/1 5/2/1 2/1/1
f 3/8/2 4/7/2 2/6/2 1/5/2
f 8/12/3 3/11/3 1/10/3 6/9/3
f 7/16/4 8/15/4 6/14/4 5/13/4
f 6/20/5 1/19/5 2/18/5 5/17/5
f 7/24/6 4/23/6 3/22/6 8/21/6
o Lower Jaw
v 0.29505641906214936 0.7470779094921313 0.1406110815980813
v 0.3913703518063955 0.6301012171888964 -0.33587614783953035
v 0.27950750664613927 0.6259341960617519 0.16720867583097004
v 0.3758214393903854 0.5089575037585172 -0.3092785536066416
v -0.09530749597610294 0.6688783315550367 -0.443769650328005
v -0.1916214287203491 0.7858550238582714 0.03271757910960663
v -0.11085640839211303 0.5477346181246574 -0.41717205609511626
v -0.20717034113635918 0.6647113104278922 0.05931517334249538
vt 0.125 0.65625
vt 0.25 0.65625
vt 0.25 0.625
vt 0.125 0.625
vt 0 0.65625
vt 0.125 0.65625
vt 0.125 0.625
vt 0 0.625
vt 0.375 0.65625
vt 0.5 0.65625
vt 0.5 0.625
vt 0.375 0.625
vt 0.25 0.65625
vt 0.375 0.65625
vt 0.375 0.625
vt 0.25 0.625
vt 0.25 0.65625
vt 0.125 0.65625
vt 0.125 0.78125
vt 0.25 0.78125
vt 0.375 0.78125
vt 0.25 0.78125
vt 0.25 0.65625
vt 0.375 0.65625
vn 0.1926278654884923 -0.23395338460646964 -0.9529744588752234
vn 0.9733556955649971 -0.07755422873228053 0.21578700497694941
vn -0.1926278654884923 0.23395338460646964 0.9529744588752234
vn -0.9733556955649971 0.07755422873228053 -0.21578700497694941
vn 0.12439129932808074 0.9691497074430341 -0.21278075386310996
vn -0.12439129932808074 -0.9691497074430341 0.21278075386310996
usemtl m_0
f 12/28/7 15/27/7 13/26/7 10/25/7
f 11/32/8 12/31/8 10/30/8 9/29/8
f 16/36/9 11/35/9 9/34/9 14/33/9
f 15/40/10 16/39/10 14/38/10 13/37/10
f 14/44/11 9/43/11 10/42/11 13/41/11
f 15/48/12 12/47/12 11/46/12 16/45/12
o Horn Right
v 0.35382577989207203 1.3211101848190259 -0.2662356983036002
v 0.3738421993368864 1.3029808773995395 -0.38828352157423046
v 0.32657840511269814 1.0746860163037022 -0.23409989678623305
v 0.3465948245575125 1.0565567088842154 -0.3561477200568633
v 0.2512096665630856 1.3137098337967184 -0.4099895437825968
v 0.2311932471182712 1.331839141216205 -0.28794172051196654
v 0.2239622917837117 1.0672856652813945 -0.3778537422652296
v 0.2039458723388973 1.085414972700881 -0.25580591899459937
vt 0.1875 0.59375
vt 0.21875 0.59375
vt 0.21875 0.53125
vt 0.1875 0.53125
vt 0.15625 0.59375
vt 0.1875 0.59375
vt 0.1875 0.53125
vt 0.15625 0.53125
vt 0.25 0.59375
vt 0.28125 0.59375
vt 0.28125 0.53125
vt 0.25 0.53125
vt 0.21875 0.59375
vt 0.25 0.59375
vt 0.25 0.53125
vt 0.21875 0.53125
vt 0.21875 0.59375
vt 0.1875 0.59375
vt 0.1875 0.625
vt 0.21875 0.625
vt 0.25 0.625
vt 0.21875 0.625
vt 0.21875 0.59375
vt 0.25 0.59375
vn 0.16013135555851488 -0.145034459355893 -0.9763825861650424
vn 0.9810602621904069 -0.08583165117743141 0.17364817766693041
vn -0.16013135555851488 0.145034459355893 0.9763825861650424
vn -0.9810602621904069 0.08583165117743141 -0.17364817766693041
vn 0.10898949911749557 0.9856966740612954 -0.12854320606946856
vn -0.10898949911749557 -0.9856966740612954 0.12854320606946856
usemtl m_0
f 20/52/13 23/51/13 21/50/13 18/49/13
f 19/56/14 20/55/14 18/54/14 17/53/14
f 24/60/15 19/59/15 17/58/15 22/57/15
f 23/64/16 24/63/16 22/62/16 21/61/16
f 22/68/17 17/67/17 18/66/17 21/65/17
f 23/72/18 20/71/18 19/70/18 24/69/18
o Horn Left
v 0.10856071434447034 1.3425680976133838 -0.3096477427203328
v 0.1285771337892847 1.3244387901938972 -0.4316955659909631
v 0.08131333956509644 1.09614392909806 -0.2775119412029657
v 0.10132975900991081 1.0780146216785735 -0.3995597644735959
v 0.005944601015483851 1.3351677465910763 -0.45340158819932935
v -0.014071818429330508 1.3532970540105627 -0.3313537649286991
v -0.021302773763890052 1.0887435780757522 -0.4212657866819622
v -0.041319193208704426 1.106872885495239 -0.29921796341133194
vt 0.21875 0.59375
vt 0.1875 0.59375
vt 0.1875 0.53125
vt 0.21875 0.53125
vt 0.25 0.59375
vt 0.21875 0.59375
vt 0.21875 0.53125
vt 0.25 0.53125
vt 0.28125 0.59375
vt 0.25 0.59375
vt 0.25 0.53125
vt 0.28125 0.53125
vt 0.1875 0.59375
vt 0.15625 0.59375
vt 0.15625 0.53125
vt 0.1875 0.53125
vt 0.1875 0.59375
vt 0.21875 0.59375
vt 0.21875 0.625
vt 0.1875 0.625
vt 0.21875 0.625
vt 0.25 0.625
vt 0.25 0.59375
vt 0.21875 0.59375
vn 0.16013135555851488 -0.145034459355893 -0.9763825861650424
vn 0.9810602621904069 -0.08583165117743141 0.17364817766693041
vn -0.16013135555851488 0.145034459355893 0.9763825861650424
vn -0.9810602621904069 0.08583165117743141 -0.17364817766693041
vn 0.10898949911749557 0.9856966740612954 -0.12854320606946856
vn -0.10898949911749557 -0.9856966740612954 0.12854320606946856
usemtl m_0
f 28/76/19 31/75/19 29/74/19 26/73/19
f 27/80/20 28/79/20 26/78/20 25/77/20
f 32/84/21 27/83/21 25/82/21 30/81/21
f 31/88/22 32/87/22 30/86/22 29/85/22
f 30/92/23 25/91/23 26/90/23 29/89/23
f 31/96/24 28/95/24 27/94/24 32/93/24
o Tuft
v 0.27010245621695395 1.4507978339923575 -0.08904448699675221
v 0.27010245621695395 1.4507978339923575 -0.08904448699675221
v 0.2553223746973649 1.0884851088121543 -0.18462711283831923
v 0.2553223746973649 1.0884851088121543 -0.18462711283831923
v 0.024837390669352234 1.4722557467867152 -0.1324565314134848
v 0.024837390669352234 1.4722557467867152 -0.1324565314134848
v 0.01005730914976321 1.1099430216065123 -0.2280391572550518
v 0.01005730914976321 1.1099430216065123 -0.2280391572550518
vt 0 1
vt 0.0625 1
vt 0.0625 0.90625
vt 0 0.90625
vt 0 1
vt 0 1
vt 0 0.90625
vt 0 0.90625
vt 0.0625 1
vt 0 1
vt 0 0.90625
vt 0.0625 0.90625
vt 0.0625 1
vt 0.0625 1
vt 0.0625 0.90625
vt 0.0625 0.90625
vt 0.0625 1
vt 0 1
vt 0 1
vt 0.0625 1
vt 0.125 1
vt 0.0625 1
vt 0.0625 1
vt 0.125 1
vn 0.1896505575278345 0.24321541799288002 -0.9512512425641977
vn 0.9810602621904069 -0.08583165117743141 0.17364817766693041
vn -0.1896505575278345 -0.24321541799288002 0.9512512425641977
vn -0.9810602621904069 0.08583165117743141 -0.17364817766693041
vn 0.03941355071890404 0.966167267147208 0.25488700224417876
vn -0.03941355071890404 -0.966167267147208 -0.25488700224417876
usemtl m_0
f 36/100/25 39/99/25 37/98/25 34/97/25
f 35/104/26 36/103/26 34/102/26 33/101/26
f 40/108/27 35/107/27 33/106/27 38/105/27
f 39/112/28 40/111/28 38/110/28 37/109/28
f 38/116/29 33/115/29 34/114/29 37/113/29
f 39/120/30 36/119/30 35/118/30 40/117/30
o Nose
v 0.21353497042158842 0.8734028851851583 -0.4147758027625194
v 0.23355138986640278 0.8552735777656717 -0.5368236260331498
v 0.1726639082525276 0.5037666324121726 -0.3665721004864687
v 0.19268032769734195 0.4856373249926859 -0.488619923757099
v 0.11091885709260194 0.8660025341628506 -0.5585296482415161
v 0.09090243764778758 0.8841318415823372 -0.4364818249708858
v 0.07004779492354107 0.4963662813898648 -0.5103259459654654
v 0.05003137547872672 0.5144955888093514 -0.388278122694835
vt 0.3125 0.59375
vt 0.34375 0.59375
vt 0.34375 0.5
vt 0.3125 0.5
vt 0.28125 0.59375
vt 0.3125 0.59375
vt 0.3125 0.5
vt 0.28125 0.5
vt 0.375 0.59375
vt 0.40625 0.59375
vt 0.40625 0.5
vt 0.375 0.5
vt 0.34375 0.59375
vt 0.375 0.59375
vt 0.375 0.5
vt 0.34375 0.5
vt 0.34375 0.59375
vt 0.3125 0.59375
vt 0.3125 0.625
vt 0.34375 0.625
vt 0.375 0.625
vt 0.34375 0.625
vt 0.34375 0.59375
vt 0.375 0.59375
vn 0.16013135555851488 -0.145034459355893 -0.9763825861650424
vn 0.9810602621904069 -0.08583165117743141 0.17364817766693041
vn -0.16013135555851488 0.145034459355893 0.9763825861650424
vn -0.9810602621904069 0.08583165117743141 -0.17364817766693041
vn 0.10898949911749557 0.9856966740612954 -0.12854320606946856
vn -0.10898949911749557 -0.9856966740612954 0.12854320606946856
usemtl m_0
f 44/124/31 47/123/31 45/122/31 42/121/31
f 43/128/32 44/127/32 42/126/32 41/125/32
f 48/132/33 43/131/33 41/130/33 46/129/33
f 47/136/34 48/135/34 46/134/34 45/133/34
f 46/140/35 41/139/35 42/138/35 45/137/35
f 47/144/36 44/143/36 43/142/36 48/141/36
o Arm Left
v -0.09417245376171568 1.0599773345834576 -0.10903645486550674
v -0.06190525141416883 1.040626536348658 -0.2927226662705508
v -0.4554886090621679 0.550094545577887 -0.11879234512730787
v -0.42322140671462105 0.5307437473430872 -0.30247855653235195
v -0.16160621515711684 1.1117557000518414 -0.3177298632268888
v -0.1938734175046637 1.1311064982866412 -0.13404365182184474
v -0.5229223704575691 0.6018729110462708 -0.3274857534886899
v -0.5551895728051159 0.6212237092810705 -0.14379954208364587
vt 0.078125 0.578125
vt 0.046875 0.578125
vt 0.046875 0.421875
vt 0.078125 0.421875
vt 0.125 0.578125
vt 0.078125 0.578125
vt 0.078125 0.421875
vt 0.125 0.421875
vt 0.15625 0.578125
vt 0.125 0.578125
vt 0.125 0.421875
vt 0.15625 0.421875
vt 0.046875 0.578125
vt 0 0.578125
vt 0 0.421875
vt 0.046875 0.421875
vt 0.046875 0.578125
vt 0.078125 0.578125
vt 0.078125 0.625
vt 0.046875 0.625
vt 0.078125 0.625
vt 0.109375 0.625
vt 0.109375 0.578125
vt 0.078125 0.578125
vn 0.1720917458535831 -0.103204257252265 -0.9796597941602351
vn 0.7976077099435842 -0.5690333096254686 0.20005757565070406
vn -0.1720917458535831 0.103204257252265 0.9796597941602351
vn -0.7976077099435842 0.5690333096254686 -0.20005757565070406
vn 0.5781058484807234 0.8158124624089131 0.015609424418881829
vn -0.5781058484807234 -0.8158124624089131 -0.015609424418881829
usemtl m_0
f 52/148/37 55/147/37 53/146/37 50/145/37
f 51/152/38 52/151/38 50/150/38 49/149/38
f 56/156/39 51/155/39 49/154/39 54/153/39
f 55/160/40 56/159/40 54/158/40 53/157/40
f 54/164/41 49/163/41 50/162/41 53/161/41
f 55/168/42 52/167/42 51/166/42 56/165/42
o Arm Right
v 0.4072170665425399 1.1437202626871559 -0.06801122854463552
v 0.44078926538550517 1.0646169664133391 -0.23466003887181774
v 0.7077205150767655 0.6745686403052871 0.21521912405815047
v 0.7412927139197307 0.5954653440314702 0.04857031373096826
v 0.33349538354157804 1.0010572779723916 -0.22610498632077486
v 0.29992318469861284 1.0801605742462086 -0.05945617599359265
v 0.6339988320758035 0.5319056555905228 0.05712536628201109
v 0.6004266332328383 0.6110089518643397 0.2237741766091933
vt 0.046875 0.578125
vt 0.078125 0.578125
vt 0.078125 0.421875
vt 0.046875 0.421875
vt 0 0.578125
vt 0.046875 0.578125
vt 0.046875 0.421875
vt 0 0.421875
vt 0.125 0.578125
vt 0.15625 0.578125
vt 0.15625 0.421875
vt 0.125 0.421875
vt 0.078125 0.578125
vt 0.125 0.578125
vt 0.125 0.421875
vt 0.078125 0.421875
vt 0.078125 0.578125
vt 0.046875 0.578125
vt 0.046875 0.625
vt 0.078125 0.625
vt 0.109375 0.625
vt 0.078125 0.625
vt 0.078125 0.578125
vt 0.109375 0.578125
vn 0.17905172716248113 -0.42188424679369 -0.8887936550783051
vn 0.8583510547514169 0.5084775075275793 -0.06844042040834297
vn -0.17905172716248113 0.42188424679369 0.8887936550783051
vn -0.8583510547514169 -0.5084775075275793 0.06844042040834297
vn -0.48080551765476087 0.75064259581099 -0.4531685641644575
vn 0.48080551765476087 -0.75064259581099 0.4531685641644575
usemtl m_0
f 60/172/43 63/171/43 61/170/43 58/169/43
f 59/176/44 60/175/44 58/174/44 57/173/44
f 64/180/45 59/179/45 57/178/45 62/177/45
f 63/184/46 64/183/46 62/182/46 61/181/46
f 62/188/47 57/187/47 58/186/47 61/185/47
f 63/192/48 60/191/48 59/190/48 64/189/48
o Leg Right
v 0.3018893872019285 0.6486052333275505 0.014214875468629165
v 0.3364972079501597 0.5673639439926137 -0.15118887796597513
v 0.3151091127664181 0.4256310009580553 0.12649902642161936
v 0.3497169335146493 0.3443897116231184 -0.038904727012984947
v 0.15248567135650454 0.5430739360054522 -0.17775953682919424
v 0.1178778506082734 0.624315225340389 -0.012355783394589918
v 0.16570539692099415 0.32009970363595686 -0.06547538587620405
v 0.13109757617276302 0.4013409929708937 0.09992836755840026
vt 0.421875 0.953125
vt 0.46875 0.953125
vt 0.46875 0.890625
vt 0.421875 0.890625
vt 0.375 0.953125
vt 0.421875 0.953125
vt 0.421875 0.890625
vt 0.375 0.890625
vt 0.515625 0.953125
vt 0.5625 0.953125
vt 0.5625 0.890625
vt 0.515625 0.890625
vt 0.46875 0.953125
vt 0.515625 0.953125
vt 0.515625 0.890625
vt 0.46875 0.890625
vt 0.46875 0.953125
vt 0.421875 0.953125
vt 0.421875 1
vt 0.46875 1
vt 0.515625 1
vt 0.46875 1
vt 0.46875 0.953125
vt 0.515625 0.953125
vn 0.18457504399056612 -0.4332868764529966 -0.8821533516512229
vn 0.9813948618328272 0.1295467092648616 0.14171018060383517
vn -0.18457504399056612 0.4332868764529966 0.8821533516512229
vn -0.9813948618328272 -0.1295467092648616 -0.14171018060383517
vn -0.052878902257958445 0.8918969294779813 -0.44913660381196074
vn 0.052878902257958445 -0.8918969294779813 0.44913660381196074
usemtl m_0
f 68/196/49 71/195/49 69/194/49 66/193/49
f 67/200/50 68/199/50 66/198/50 65/197/50
f 72/204/51 67/203/51 65/202/51 70/201/51
f 71/208/52 72/207/52 70/206/52 69/205/52
f 70/212/53 65/211/53 66/210/53 69/209/53
f 71/216/54 68/215/54 67/214/54 72/213/54
o Leg Left
v -0.0045401854510188425 0.6338808058729608 -0.029486447120099027
v 0.01917227464489145 0.5597790055101476 -0.20008214583255085
v -0.0934359983851892 0.41530185290691946 0.05310154088688679
v -0.06972353828927891 0.3412000525441062 -0.11749415782556503
v -0.15446191657406078 0.6126065213105437 -0.24716368376515482
v -0.17817437666997105 0.686708321673357 -0.07656798505270301
v -0.24335772950823112 0.3940275683445023 -0.16457569575816902
v -0.2670701896041414 0.4681293687073156 0.006020002954282788
vt 0.46875 0.953125
vt 0.421875 0.953125
vt 0.421875 0.890625
vt 0.46875 0.890625
vt 0.515625 0.953125
vt 0.46875 0.953125
vt 0.46875 0.890625
vt 0.515625 0.890625
vt 0.5625 0.953125
vt 0.515625 0.953125
vt 0.515625 0.890625
vt 0.5625 0.890625
vt 0.421875 0.953125
vt 0.375 0.953125
vt 0.375 0.890625
vt 0.421875 0.890625
vt 0.421875 0.953125
vt 0.46875 0.953125
vt 0.46875 1
vt 0.421875 1
vt 0.46875 1
vt 0.515625 1
vt 0.515625 0.953125
vt 0.46875 0.953125
vn 0.12646645384485497 -0.3952096019350042 -0.9098437264664097
vn 0.9260490198344119 -0.28174675093544604 0.2511015356405546
vn -0.12646645384485497 0.3952096019350042 0.9098437264664097
vn -0.9260490198344119 0.28174675093544604 -0.2511015356405546
vn 0.35558325173668154 0.8743158118641657 -0.3303519520279432
vn -0.35558325173668154 -0.8743158118641657 0.3303519520279432
usemtl m_0
f 76/220/55 79/219/55 77/218/55 74/217/55
f 75/224/56 76/223/56 74/222/56 73/221/56
f 80/228/57 75/227/57 73/226/57 78/225/57
f 79/232/58 80/231/58 78/230/58 77/229/58
f 78/236/59 73/235/59 74/234/59 77/233/59
f 79/240/60 76/239/60 75/238/60 80/237/60
o Wing Right
v 0.6293235051067302 1.487786554959817 0.3500548439869113
v 0.6293235051067302 1.487786554959817 0.3500548439869113
v 0.7284712116067404 0.8820594854580337 0.46790835292308924
v 0.7284712116067404 0.8820594854580337 0.46790835292308924
v 0.10150207419327163 1.3427040088133957 0.048424951781015094
v 0.10150207419327163 1.3427040088133957 0.048424951781015094
v 0.20064978069328185 0.7369769393116125 0.166278460717193
v 0.20064978069328185 0.7369769393116125 0.166278460717193
vt 0 0.421875
vt 0.15625 0.421875
vt 0.15625 0.265625
vt 0 0.265625
vt 0 1
vt 0 1
vt 0 0.84375
vt 0 0.84375
vt 0.15625 0.421875
vt 0 0.421875
vt 0 0.265625
vt 0.15625 0.265625
vt 0 1
vt 0 1
vt 0 0.84375
vt 0 0.84375
vt 0 1
vt 0.15625 1
vt 0.15625 1
vt 0 1
vt 0 1
vt 0.15625 1
vt 0.15625 1
vt 0 1
vn 0.5114979272416434 -0.0826872209940623 -0.8552968454938796
vn 0.8445142894615338 0.2321320738342741 0.48260782752943404
vn -0.5114979272416434 0.0826872209940623 0.8552968454938796
vn -0.8445142894615338 -0.2321320738342741 -0.48260782752943404
vn -0.15863633040001635 0.969163311202853 -0.18856561429788465
vn 0.15863633040001635 -0.969163311202853 0.18856561429788465
usemtl m_0
f 84/244/61 87/243/61 85/242/61 82/241/61
f 83/248/62 84/247/62 82/246/62 81/245/62
f 88/252/63 83/251/63 81/250/63 86/249/63
f 87/256/64 88/255/64 86/254/64 85/253/64
f 86/260/65 81/259/65 82/258/65 85/257/65
f 87/264/66 84/263/66 83/262/66 88/261/66
o Wing Right
v 0.1648674115001042 1.3282442984762426 0.0014164842728653926
v 0.1648674115001042 1.3282442984762426 0.0014164842728653926
v -0.12950824078008505 0.7913198570288227 0.12663676825668876
v -0.12950824078008505 0.7913198570288227 0.12663676825668876
v -0.36781622678297254 1.6418374911271698 0.09378775160477223
v -0.36781622678297254 1.6418374911271698 0.09378775160477223
v -0.6621918790631618 1.10491304967975 0.2190080355885956
v -0.6621918790631618 1.10491304967975 0.2190080355885956
vt 0.15625 0.421875
vt 0 0.421875
vt 0 0.265625
vt 0.15625 0.265625
vt 0 1
vt 0 1
vt 0 0.84375
vt 0 0.84375
vt 0 0.421875
vt 0.15625 0.421875
vt 0.15625 0.265625
vt 0 0.265625
vt 0 1
vt 0 1
vt 0 0.84375
vt 0 0.84375
vt 0 1
vt 0.15625 1
vt 0.15625 1
vt 0 1
vt 0 1
vt 0.15625 1
vt 0.15625 1
vt 0 1
vn -0.22749342657822036 -0.1011480176296072 -0.9685121679118444
vn 0.8522938212529231 -0.5017491082414836 -0.14779402773105094
vn 0.22749342657822036 0.1011480176296072 0.9685121679118444
vn -0.8522938212529231 0.5017491082414836 0.14779402773105094
vn 0.4710010436483029 0.8590791063158716 -0.20035245437411736
vn -0.4710010436483029 -0.8590791063158716 0.20035245437411736
usemtl m_0
f 92/268/67 95/267/67 93/266/67 90/265/67
f 91/272/68 92/271/68 90/270/68 89/269/68
f 96/276/69 91/275/69 89/274/69 94/273/69
f 95/280/70 96/279/70 94/278/70 93/277/70
f 94/284/71 89/283/71 90/282/71 93/281/71
f 95/288/72 92/287/72 91/286/72 96/285/72
o Tail
v 0.24706593226877024 0.8272078741776352 0.6772356381042652
v 0.03155815253962297 1.0743617680933064 0.2997818666321358
v 0.2739450557771398 0.41668080562016185 0.3930789230665427
v 0.058437276047992516 0.6638346995358331 0.015625151594413286
v 0.03155815253962297 1.0743617680933064 0.2997818666321358
v 0.24706593226877024 0.8272078741776352 0.6772356381042652
v 0.058437276047992516 0.6638346995358331 0.015625151594413286
v 0.2739450557771398 0.41668080562016185 0.3930789230665427
vt 0 1
vt 0 1
vt 0 0.875
vt 0 0.875
vt 0.6875 1
vt 0.5625 1
vt 0.5625 0.875
vt 0.6875 0.875
vt 0 1
vt 0 1
vt 0 0.875
vt 0 0.875
vt 0.5625 1
vt 0.6875 1
vt 0.6875 0.875
vt 0.5625 0.875
vt 0 1
vt 0 1
vt 0 0.875
vt 0 0.875
vt 0 1
vt 0 1
vt 0 0.875
vt 0 0.875
vn -0.4310155594582946 0.4943077878313425 -0.7549075429442589
vn 0.9007417156890984 0.28553443718002736 -0.3273139880936109
vn 0.4310155594582946 -0.4943077878313425 0.7549075429442589
vn -0.9007417156890984 -0.28553443718002736 0.3273139880936109
vn -0.05375824701673915 0.8210541371149467 0.5683134300754449
vn 0.05375824701673915 -0.8210541371149467 -0.5683134300754449
usemtl m_0
f 100/292/73 103/291/73 101/290/73 98/289/73
f 99/296/74 100/295/74 98/294/74 97/293/74
f 104/300/75 99/299/75 97/298/75 102/297/75
f 103/304/76 104/303/76 102/302/76 101/301/76
f 102/308/77 97/307/77 98/306/77 101/305/77
f 103/312/78 100/311/78 99/310/78 104/309/78