# Made in Blockbench 4.1.4
mtllib Ophanim.mtl

o Head
v 0.28489994003052144 1.527654329176222 0.3112570308122573
v 0.3391649955514373 1.4731819899589356 -0.30899539200405773
v 0.27825333197336244 0.6559839683459445 0.38722810854153933
v 0.3325183874942783 0.6015116291286581 -0.23302431427477566
v -0.2834566907559037 1.4731819899589356 -0.3634677312213442
v -0.33772174627681956 1.527654329176222 0.25678469159497075
v -0.2901032988130627 0.6015116291286581 -0.28749665349206216
v -0.34436835433397855 0.6559839683459445 0.3327557693242529
vt 0.15625 0.84375
vt 0.3125 0.84375
vt 0.3125 0.625
vt 0.15625 0.625
vt 0 0.84375
vt 0.15625 0.84375
vt 0.15625 0.625
vt 0 0.625
vt 0.46875 0.84375
vt 0.625 0.84375
vt 0.625 0.625
vt 0.46875 0.625
vt 0.3125 0.84375
vt 0.46875 0.84375
vt 0.46875 0.625
vt 0.3125 0.625
vt 0.3125 0.84375
vt 0.15625 0.84375
vt 0.15625 1
vt 0.3125 1
vt 0.46875 1
vt 0.3125 1
vt 0.3125 0.84375
vt 0.46875 0.84375
vn 0.08682408883346536 -0.0871557427476582 -0.9924038765061041
vn 0.9961946980917455 1.734723475976807e-18 0.08715574274765837
vn -0.08682408883346536 0.0871557427476582 0.9924038765061041
vn -0.9961946980917455 -1.734723475976807e-18 -0.08715574274765837
vn 0.007596123493895989 0.9961946980917457 -0.08682408883346521
vn -0.007596123493895989 -0.9961946980917457 0.08682408883346521
usemtl m_0
f 4/4/1 7/3/1 5/2/1 2/1/1
f 3/8/2 4/7/2 2/6/2 1/5/2
f 8/12/3 3/11/3 1/10/3 6/9/3
f 7/16/4 8/15/4 6/14/4 5/13/4
f 6/20/5 1/19/5 2/18/5 5/17/5
f 7/24/6 4/23/6 3/22/6 8/21/6
o Halo Bottom
v 0.15119080729672685 1.6516283840646764 0.2823091323953239
v 0.32204070241900684 1.6095353926499918 -0.18570635176141773
v 0.15071604957835835 1.5893662154339423 0.28773563794741547
v 0.3215659447006384 1.5472732240192577 -0.18027984620932613
v -0.1478485271486353 1.5982566095934168 -0.35622585501277726
v -0.3186984222709153 1.6403496010081013 0.11178962914396431
v -0.1483232848670038 1.5359944409626827 -0.35079934946068564
v -0.31917317998928385 1.5780874323773673 0.11721613469605591
vt 0.59375 0.875
vt 0.71875 0.875
vt 0.71875 0.859375
vt 0.59375 0.859375
vt 0.46875 0.875
vt 0.59375 0.875
vt 0.59375 0.859375
vt 0.46875 0.859375
vt 0.84375 0.875
vt 0.96875 0.875
vt 0.96875 0.859375
vt 0.84375 0.859375
vt 0.71875 0.875
vt 0.84375 0.875
vt 0.84375 0.859375
vt 0.71875 0.859375
vt 0.71875 0.875
vt 0.59375 0.875
vt 0.59375 1
vt 0.71875 1
vt 0.84375 1
vt 0.71875 1
vt 0.71875 0.875
vt 0.84375 0.875
vn 0.34169979024456 -0.08418598282936922 -0.9360309683134832
vn 0.9397784591352843 0.022557566113149845 0.3410390065027192
vn -0.34169979024456 0.08418598282936922 0.9360309683134832
vn -0.9397784591352843 -0.022557566113149845 -0.3410390065027192
vn 0.00759612349389599 0.9961946980917457 -0.08682408883346522
vn -0.00759612349389599 -0.9961946980917457 0.08682408883346522
usemtl m_0
f 12/28/7 15/27/7 13/26/7 10/25/7
f 11/32/8 12/31/8 10/30/8 9/29/8
f 16/36/9 11/35/9 9/34/9 14/33/9
f 15/40/10 16/39/10 14/38/10 13/37/10
f 14/44/11 9/43/11 10/42/11 13/41/11
f 15/48/12 12/47/12 11/46/12 16/45/12
o Halo Top
v 0.40897795491863354 1.7759782898190495 0.291925125380766
v 0.34336618634837945 1.7116045514359761 -0.4524209753221739
v 0.40850319720026507 1.7137161211883154 0.29735163093285755
v 0.342891428630011 1.6493423828052418 -0.44699446977008234
v -0.40373664389706787 1.72295537836198 -0.38754787020658577
v -0.3381248753268138 1.7873291167450536 0.3567982304963541
v -0.40421140161543634 1.660693209731246 -0.3821213646544942
v -0.33859963304518226 1.7250669481143195 0.3622247360484457
vt 0.1875 0.203125
vt 0.375 0.203125
vt 0.375 0.1875
vt 0.1875 0.1875
vt 0 0.203125
vt 0.1875 0.203125
vt 0.1875 0.1875
vt 0 0.1875
vt 0.5625 0.203125
vt 0.75 0.203125
vt 0.75 0.1875
vt 0.5625 0.1875
vt 0.375 0.203125
vt 0.5625 0.203125
vt 0.5625 0.1875
vt 0.375 0.1875
vt 0.375 0.203125
vt 0.1875 0.203125
vt 0.1875 0.390625
vt 0.375 0.390625
vt 0.5625 0.390625
vt 0.375 0.390625
vt 0.375 0.203125
vt 0.5625 0.203125
vn -0.0874823580936721 -0.08583165117743131 -0.99246146760392
vn 0.99613710699393 -0.015134435901338623 -0.08649747348745085
vn 0.0874823580936721 0.08583165117743131 0.99246146760392
vn -0.99613710699393 0.015134435901338623 0.08649747348745085
vn 0.00759612349389599 0.9961946980917455 -0.08682408883346521
vn -0.00759612349389599 -0.9961946980917455 0.08682408883346521
usemtl m_0
f 20/52/13 23/51/13 21/50/13 18/49/13
f 19/56/14 20/55/14 18/54/14 17/53/14
f 24/60/15 19/59/15 17/58/15 22/57/15
f 23/64/16 24/63/16 22/62/16 21/61/16
f 22/68/17 17/67/17 18/66/17 21/65/17
f 23/72/18 20/71/18 19/70/18 24/69/18
o Lower2
v 0.06449788181959763 0.2697116711436072 0.07566564179991286
v 0.053562587057888626 0.2589827147464283 -0.04839204165057712
v 0.06354836638286064 0.145187333882139 0.08651865290409601
v 0.05261307162115163 0.1344583774849601 -0.03753903054639397
v -0.07095455131635259 0.2608745192340956 -0.03757985746464576
v -0.06001925655464358 0.2716034756312745 0.08647782598584422
v -0.0719040667530896 0.13635018197262744 -0.026726846360462617
v -0.06096877199138058 0.14707913836980635 0.09733083709002736
vt 0.03125 0.921875
vt 0.0625 0.921875
vt 0.0625 0.890625
vt 0.03125 0.890625
vt 0 0.921875
vt 0.03125 0.921875
vt 0.03125 0.890625
vt 0 0.890625
vt 0.09375 0.921875
vt 0.125 0.921875
vt 0.125 0.890625
vt 0.09375 0.890625
vt 0.0625 0.921875
vt 0.09375 0.921875
vt 0.09375 0.890625
vt 0.0625 0.890625
vt 0.0625 0.921875
vt 0.03125 0.921875
vt 0.03125 0.953125
vt 0.0625 0.953125
vt 0.09375 0.953125
vt 0.0625 0.953125
vt 0.0625 0.921875
vt 0.09375 0.921875
vn -0.0874823580936721 -0.08583165117743131 -0.99246146760392
vn 0.99613710699393 -0.015134435901338623 -0.08649747348745085
vn 0.0874823580936721 0.08583165117743131 0.99246146760392
vn -0.99613710699393 0.015134435901338623 0.08649747348745085
vn 0.00759612349389599 0.9961946980917455 -0.08682408883346521
vn -0.00759612349389599 -0.9961946980917455 0.08682408883346521
usemtl m_0
f 28/76/19 31/75/19 29/74/19 26/73/19
f 27/80/20 28/79/20 26/78/20 25/77/20
f 32/84/21 27/83/21 25/82/21 30/81/21
f 31/88/22 32/87/22 30/86/22 29/85/22
f 30/92/23 25/91/23 26/90/23 29/89/23
f 31/96/24 28/95/24 27/94/24 32/93/24
o Lower1
v 0.10034166074744566 0.550406714341562 0.2400691820782193
v 0.2437293338994489 0.5192359983865019 -0.10502987856220505
v 0.09891738759234017 0.3636202084493596 0.256348698734494
v 0.24230506074434344 0.33244949249429956 -0.08875036190593033
v -0.10276288963806837 0.5094079093973807 -0.24810869493573057
v -0.24615056279007164 0.5405786253524407 0.09699036570469374
v -0.10418716279317386 0.3226214035051783 -0.23182917827945587
v -0.24757483594517715 0.35379211946023836 0.11326988236096848
vt 0.5625 0.53125
vt 0.65625 0.53125
vt 0.65625 0.484375
vt 0.5625 0.484375
vt 0.46875 0.53125
vt 0.5625 0.53125
vt 0.5625 0.484375
vt 0.46875 0.484375
vt 0.75 0.53125
vt 0.84375 0.53125
vt 0.84375 0.484375
vt 0.75 0.484375
vt 0.65625 0.53125
vt 0.75 0.53125
vt 0.75 0.484375
vt 0.65625 0.484375
vt 0.65625 0.53125
vt 0.5625 0.53125
vt 0.5625 0.625
vt 0.65625 0.625
vt 0.75 0.625
vt 0.65625 0.625
vt 0.65625 0.53125
vt 0.75 0.53125
vn 0.382367128405342 -0.08312190921349347 -0.9202641617077981
vn 0.9239792627667129 0.026208237304323305 0.38154351032940154
vn -0.382367128405342 0.08312190921349347 0.9202641617077981
vn -0.9239792627667129 -0.026208237304323305 -0.38154351032940154
vn 0.007596123493895983 0.9961946980917457 -0.08682408883346521
vn -0.007596123493895983 -0.9961946980917457 0.08682408883346521
usemtl m_0
f 36/100/25 39/99/25 37/98/25 34/97/25
f 35/104/26 36/103/26 34/102/26 33/101/26
f 40/108/27 35/107/27 33/106/27 38/105/27
f 39/112/28 40/111/28 38/110/28 37/109/28
f 38/116/29 33/115/29 34/114/29 37/113/29
f 39/120/30 36/119/30 35/118/30 40/117/30
o Halo Top inverted
v 0.2735255217826833 1.7671411379095379 0.17867962611620739
v 0.22978434273584727 1.7242253123208222 -0.3175511076857525
v 0.27305076406431483 1.7048789692788038 0.18410613166829895
v 0.22930958501747878 1.6619631436900881 -0.31212460213366094
v -0.26828421076111764 1.7317925302714916 -0.2743023709420271
v -0.2245430317142816 1.7747083558602073 0.22192836285993284
v -0.2687589684794861 1.6695303616407575 -0.2688758653899355
v -0.2250177894326501 1.7124461872294732 0.2273548684120244
vt 0.5 0.171875
vt 0.375 0.171875
vt 0.375 0.1875
vt 0.5 0.1875
vt 0.625 0.171875
vt 0.5 0.171875
vt 0.5 0.1875
vt 0.625 0.1875
vt 0.25 0.171875
vt 0.125 0.171875
vt 0.125 0.1875
vt 0.25 0.1875
vt 0.375 0.171875
vt 0.25 0.171875
vt 0.25 0.1875
vt 0.375 0.1875
vt 0.375 0.171875
vt 0.5 0.171875
vt 0.5 0.046875
vt 0.375 0.046875
vt 0.25 0.046875
vt 0.375 0.046875
vt 0.375 0.171875
vt 0.25 0.171875
vn -0.0874823580936721 -0.08583165117743131 -0.99246146760392
vn 0.99613710699393 -0.015134435901338623 -0.08649747348745085
vn 0.0874823580936721 0.08583165117743131 0.99246146760392
vn -0.99613710699393 0.015134435901338623 0.08649747348745085
vn 0.00759612349389599 0.9961946980917455 -0.08682408883346521
vn -0.00759612349389599 -0.9961946980917455 0.08682408883346521
usemtl m_0
f 44/124/31 47/123/31 45/122/31 42/121/31
f 43/128/32 44/127/32 42/126/32 41/125/32
f 48/132/33 43/131/33 41/130/33 46/129/33
f 47/136/34 48/135/34 46/134/34 45/133/34
f 46/140/35 41/139/35 42/138/35 45/137/35
f 47/144/36 44/143/36 43/142/36 48/141/36
o Halo Bottom inverted
v 0.0764309736853863 1.6382854404468614 0.1226753855432986
v 0.1618559212465263 1.6172389447395192 -0.1113323565350722
v 0.0759562159670178 1.5760232718161273 0.12810189109539016
v 0.16138116352815782 1.5549767761087852 -0.10590585098298064
v -0.07308869353729477 1.6115995532112317 -0.19659210816075198
v -0.1585136410984348 1.632646048918574 0.037415633917618825
v -0.07356345125566327 1.5493373845804976 -0.19116560260866042
v -0.15898839881680327 1.5703838802878398 0.04284213946971039
vt 0.375 0.609375
vt 0.3125 0.609375
vt 0.3125 0.625
vt 0.375 0.625
vt 0.4375 0.609375
vt 0.375 0.609375
vt 0.375 0.625
vt 0.4375 0.625
vt 0.25 0.609375
vt 0.1875 0.609375
vt 0.1875 0.625
vt 0.25 0.625
vt 0.3125 0.609375
vt 0.25 0.609375
vt 0.25 0.625
vt 0.3125 0.625
vt 0.3125 0.609375
vt 0.375 0.609375
vt 0.375 0.546875
vt 0.3125 0.546875
vt 0.25 0.546875
vt 0.3125 0.546875
vt 0.3125 0.609375
vt 0.25 0.609375
vn 0.34169979024456 -0.08418598282936922 -0.9360309683134832
vn 0.9397784591352843 0.022557566113149845 0.3410390065027192
vn -0.34169979024456 0.08418598282936922 0.9360309683134832
vn -0.9397784591352843 -0.022557566113149845 -0.3410390065027192
vn 0.00759612349389599 0.9961946980917457 -0.08682408883346522
vn -0.00759612349389599 -0.9961946980917457 0.08682408883346522
usemtl m_0
f 52/148/37 55/147/37 53/146/37 50/145/37
f 51/152/38 52/151/38 50/150/38 49/149/38
f 56/156/39 51/155/39 49/154/39 54/153/39
f 55/160/40 56/159/40 54/158/40 53/157/40
f 54/164/41 49/163/41 50/162/41 53/161/41
f 55/168/42 52/167/42 51/166/42 56/165/42
o Wing Right Lower
v 0.5650115653791999 0.8660507752284097 0.11410128658502258
v 0.5910239241746239 0.8614640945409073 0.057457049895231954
v 0.5433055431708337 0.7429498061018837 0.11410128658502258
v 0.5693179019662576 0.7383631254143813 0.057457049895231954
v 0.4236728738079308 0.8909725999704565 -0.021783874181149167
v 0.3976605150125068 0.895559280657959 0.03486036250864147
v 0.40196685159956447 0.7678716308439305 -0.021783874181149167
v 0.3759544928041405 0.7724583115314329 0.03486036250864147
vt 0.015625 0.875
vt 0.0625 0.875
vt 0.0625 0.84375
vt 0.015625 0.84375
vt 0 0.875
vt 0.015625 0.875
vt 0.015625 0.84375
vt 0 0.84375
vt 0.078125 0.875
vt 0.125 0.875
vt 0.125 0.84375
vt 0.078125 0.84375
vt 0.0625 0.875
vt 0.078125 0.875
vt 0.078125 0.84375
vt 0.0625 0.84375
vt 0.0625 0.875
vt 0.015625 0.875
vt 0.015625 0.890625
vt 0.0625 0.890625
vt 0.109375 0.890625
vt 0.0625 0.890625
vt 0.0625 0.875
vt 0.109375 0.875
vn 0.41619774072678334 -0.07338689100003813 -0.90630778703665
vn 0.8925389352890302 -0.15737869562426252 0.42261826174069933
vn -0.41619774072678334 0.07338689100003813 0.90630778703665
vn -0.8925389352890302 0.15737869562426252 -0.42261826174069933
vn 0.17364817766693016 0.9848077530122081 1.3877787807814457e-17
vn -0.17364817766693016 -0.9848077530122081 -1.3877787807814457e-17
usemtl m_0
f 60/172/43 63/171/43 61/170/43 58/169/43
f 59/176/44 60/175/44 58/174/44 57/173/44
f 64/180/45 59/179/45 57/178/45 62/177/45
f 63/184/46 64/183/46 62/182/46 61/181/46
f 62/188/47 57/187/47 58/186/47 61/185/47
f 63/192/48 60/191/48 59/190/48 64/189/48
o Wing Right Upper
v 0.7649216490584425 1.0211937234886495 0.19334221066140372
v 0.7909340078538665 1.016607042801147 0.1366979739716131
v 0.7323626157458931 0.8365422697988605 0.19334221066140372
v 0.7583749745413171 0.8319555891113581 0.1366979739716131
v 0.4562319071204802 1.0756240536602455 -0.021783874181149167
v 0.4302195483250562 1.080210734347748 0.03486036250864147
v 0.4236728738079308 0.8909725999704565 -0.021783874181149167
v 0.3976605150125068 0.895559280657959 0.03486036250864147
vt 0.515625 0.4375
vt 0.609375 0.4375
vt 0.609375 0.390625
vt 0.515625 0.390625
vt 0.5 0.4375
vt 0.515625 0.4375
vt 0.515625 0.390625
vt 0.5 0.390625
vt 0.625 0.4375
vt 0.71875 0.4375
vt 0.71875 0.390625
vt 0.625 0.390625
vt 0.609375 0.4375
vt 0.625 0.4375
vt 0.625 0.390625
vt 0.609375 0.390625
vt 0.609375 0.4375
vt 0.515625 0.4375
vt 0.515625 0.453125
vt 0.609375 0.453125
vt 0.703125 0.453125
vt 0.609375 0.453125
vt 0.609375 0.4375
vt 0.703125 0.4375
vn 0.41619774072678334 -0.07338689100003813 -0.90630778703665
vn 0.8925389352890302 -0.15737869562426252 0.42261826174069933
vn -0.41619774072678334 0.07338689100003813 0.90630778703665
vn -0.8925389352890302 0.15737869562426252 -0.42261826174069933
vn 0.17364817766693016 0.9848077530122081 1.3877787807814457e-17
vn -0.17364817766693016 -0.9848077530122081 -1.3877787807814457e-17
usemtl m_0
f 68/196/49 71/195/49 69/194/49 66/193/49
f 67/200/50 68/199/50 66/198/50 65/197/50
f 72/204/51 67/203/51 65/202/51 70/201/51
f 71/208/52 72/207/52 70/206/52 69/205/52
f 70/212/53 65/211/53 66/210/53 69/209/53
f 71/216/54 68/215/54 67/214/54 72/213/54
o Wing Right Lower
v -0.43269271039537255 0.8893821594185092 0.055496686180068006
v -0.4537442159474641 0.8856702110051414 -0.0032341026190512608
v -0.4109866881870063 0.7662811902919832 0.055496686180068006
v -0.43203819373909785 0.7625692418786154 -0.0032341026190512642
v -0.6272598243971498 0.8550747276614161 0.060894674254511616
v -0.6062083188450582 0.858786676074784 0.11962546305363086
v -0.6055538021887835 0.7319737585348901 0.060894674254511616
v -0.584502296636692 0.7356857069482579 0.11962546305363086
vt 0.0625 0.875
vt 0.015625 0.875
vt 0.015625 0.84375
vt 0.0625 0.84375
vt 0.078125 0.875
vt 0.0625 0.875
vt 0.0625 0.84375
vt 0.078125 0.84375
vt 0.125 0.875
vt 0.078125 0.875
vt 0.078125 0.84375
vt 0.125 0.84375
vt 0.015625 0.875
vt 0 0.875
vt 0 0.84375
vt 0.015625 0.84375
vt 0.015625 0.875
vt 0.0625 0.875
vt 0.0625 0.890625
vt 0.015625 0.890625
vt 0.0625 0.890625
vt 0.109375 0.890625
vt 0.109375 0.875
vt 0.0625 0.875
vn -0.33682408883346515 -0.059391174613884636 -0.9396926207859084
vn 0.9254165783983235 0.1631759111665347 -0.3420201433256687
vn 0.33682408883346515 0.059391174613884636 0.9396926207859084
vn -0.9254165783983235 -0.1631759111665347 0.3420201433256687
vn -0.17364817766693022 0.9848077530122081 2.0816681711721682e-17
vn 0.17364817766693022 -0.9848077530122081 -2.0816681711721682e-17
usemtl m_0
f 76/220/55 79/219/55 77/218/55 74/217/55
f 75/224/56 76/223/56 74/222/56 73/221/56
f 80/228/57 75/227/57 73/226/57 78/225/57
f 79/232/58 80/231/58 78/230/58 77/229/58
f 78/236/59 73/235/59 74/234/59 77/233/59
f 79/240/60 76/239/60 75/238/60 80/237/60
o Wing Right Upper
v -0.465251743707922 1.0740336131082981 0.055496686180068006
v -0.48630324926001356 1.0703216646949305 -0.0032341026190512573
v -0.43269271039537255 0.8893821594185092 0.055496686180068006
v -0.4537442159474641 0.8856702110051414 -0.0032341026190512608
v -0.8333344661593848 1.00913069800748 0.12502345112807448
v -0.8122829606072932 1.0128426464208478 0.18375423992719375
v -0.8007754328468354 0.8244792443176909 0.12502345112807448
v -0.7797239272947438 0.8281911927310587 0.18375423992719375
vt 0.609375 0.4375
vt 0.515625 0.4375
vt 0.515625 0.390625
vt 0.609375 0.390625
vt 0.625 0.4375
vt 0.609375 0.4375
vt 0.609375 0.390625
vt 0.625 0.390625
vt 0.71875 0.4375
vt 0.625 0.4375
vt 0.625 0.390625
vt 0.71875 0.390625
vt 0.515625 0.4375
vt 0.5 0.4375
vt 0.5 0.390625
vt 0.515625 0.390625
vt 0.515625 0.4375
vt 0.609375 0.4375
vt 0.609375 0.453125
vt 0.515625 0.453125
vt 0.609375 0.453125
vt 0.703125 0.453125
vt 0.703125 0.4375
vt 0.609375 0.4375
vn -0.33682408883346515 -0.059391174613884636 -0.9396926207859084
vn 0.9254165783983235 0.1631759111665347 -0.3420201433256687
vn 0.33682408883346515 0.059391174613884636 0.9396926207859084
vn -0.9254165783983235 -0.1631759111665347 0.3420201433256687
vn -0.17364817766693022 0.9848077530122081 2.0816681711721682e-17
vn 0.17364817766693022 -0.9848077530122081 -2.0816681711721682e-17
usemtl m_0
f 84/244/61 87/243/61 85/242/61 82/241/61
f 83/248/62 84/247/62 82/246/62 81/245/62
f 88/252/63 83/251/63 81/250/63 86/249/63
f 87/256/64 88/255/64 86/254/64 85/253/64
f 86/260/65 81/259/65 82/258/65 85/257/65
f 87/264/66 84/263/66 83/262/66 88/261/66
o Wing Right Lower
v -0.3933357693260938 1.2570568637635917 0.059634520235187546
v -0.3747024430946053 1.2546037398268555 0.00002721081342337006
v -0.4096515433536002 1.1331262560918653 0.059634520235187546
v -0.3910182171221118 1.1306731321551293 0.00002721081342337006
v -0.6110918856007126 1.2857250003360767 -0.0751492390626449
v -0.629725211832201 1.2881781242728128 -0.015541929640880706
v -0.627407659628219 1.1617943926643504 -0.0751492390626449
v -0.6460409858597075 1.1642475166010866 -0.015541929640880706
vt 0.078125 0.984375
vt 0.015625 0.984375
vt 0.015625 0.953125
vt 0.078125 0.953125
vt 0.09375 0.984375
vt 0.078125 0.984375
vt 0.078125 0.953125
vt 0.09375 0.953125
vt 0.15625 0.984375
vt 0.09375 0.984375
vt 0.09375 0.953125
vt 0.15625 0.953125
vt 0.015625 0.984375
vt 0 0.984375
vt 0 0.953125
vt 0.015625 0.953125
vt 0.015625 0.984375
vt 0.078125 0.984375
vt 0.078125 1
vt 0.015625 1
vt 0.078125 1
vt 0.140625 1
vt 0.140625 0.984375
vt 0.078125 0.984375
vn 0.2981332197038148 -0.039249982987779035 -0.9537169507482269
vn 0.945557770024429 -0.12448504203688453 0.300705799504273
vn -0.2981332197038148 0.039249982987779035 0.9537169507482269
vn -0.945557770024429 0.12448504203688453 -0.300705799504273
vn 0.13052619222005157 0.9914448613738104 -2.0816681711721685e-17
vn -0.13052619222005157 -0.9914448613738104 2.0816681711721685e-17
usemtl m_0
f 92/268/67 95/267/67 93/266/67 90/265/67
f 91/272/68 92/271/68 90/270/68 89/269/68
f 96/276/69 91/275/69 89/274/69 94/273/69
f 95/280/70 96/279/70 94/278/70 93/277/70
f 94/284/71 89/283/71 90/282/71 93/281/71
f 95/288/72 92/287/72 91/286/72 96/285/72
o Wing Right Upper
v -0.3688621082848341 1.442952775271181 0.059634520235187546
v -0.3502287820533457 1.440499651334445 0.00002721081342337006
v -0.3933357693260938 1.2570568637635917 0.059634520235187546
v -0.3747024430946053 1.2546037398268555 0.00002721081342337006
v -0.882105027692087 1.5105224874801926 -0.1691198014077302
v -0.9007383539235754 1.5129756114169286 -0.10951249198596602
v -0.9065786887333467 1.324626575972603 -0.1691198014077302
v -0.9252120149648351 1.3270796999093393 -0.10951249198596602
vt 0.34375 0.4375
vt 0.203125 0.4375
vt 0.203125 0.390625
vt 0.34375 0.390625
vt 0.359375 0.4375
vt 0.34375 0.4375
vt 0.34375 0.390625
vt 0.359375 0.390625
vt 0.5 0.4375
vt 0.359375 0.4375
vt 0.359375 0.390625
vt 0.5 0.390625
vt 0.203125 0.4375
vt 0.1875 0.4375
vt 0.1875 0.390625
vt 0.203125 0.390625
vt 0.203125 0.4375
vt 0.34375 0.4375
vt 0.34375 0.453125
vt 0.203125 0.453125
vt 0.34375 0.453125
vt 0.484375 0.453125
vt 0.484375 0.4375
vt 0.34375 0.4375
vn 0.2981332197038148 -0.039249982987779035 -0.9537169507482269
vn 0.945557770024429 -0.12448504203688453 0.300705799504273
vn -0.2981332197038148 0.039249982987779035 0.9537169507482269
vn -0.945557770024429 0.12448504203688453 -0.300705799504273
vn 0.13052619222005157 0.9914448613738104 -2.0816681711721685e-17
vn -0.13052619222005157 -0.9914448613738104 2.0816681711721685e-17
usemtl m_0
f 100/292/73 103/291/73 101/290/73 98/289/73
f 99/296/74 100/295/74 98/294/74 97/293/74
f 104/300/75 99/299/75 97/298/75 102/297/75
f 103/304/76 104/303/76 102/302/76 101/301/76
f 102/308/77 97/307/77 98/306/77 101/305/77
f 103/312/78 100/311/78 99/310/78 104/309/78
o Wing Right Upper
v 0.9207935631963389 1.499856102298261 -0.09812195984191185
v 0.9047557624280532 1.4977446857713073 -0.15849232398497862
v 0.9452672242375986 1.3139601907906715 -0.09812195984191185
v 0.9292294234693129 1.3118487742637177 -0.15849232398497862
v 0.36607077664786963 1.4268254619805152 -0.012906611114810767
v 0.3821085774161553 1.428936878507469 0.047463753028256006
v 0.3905444376891293 1.2409295504729256 -0.012906611114810767
v 0.4065822384574149 1.2430409669998796 0.047463753028256006
vt 0.203125 0.4375
vt 0.34375 0.4375
vt 0.34375 0.390625
vt 0.203125 0.390625
vt 0.1875 0.4375
vt 0.203125 0.4375
vt 0.203125 0.390625
vt 0.1875 0.390625
vt 0.359375 0.4375
vt 0.5 0.4375
vt 0.5 0.390625
vt 0.359375 0.390625
vt 0.34375 0.4375
vt 0.359375 0.4375
vt 0.359375 0.390625
vt 0.34375 0.390625
vt 0.34375 0.4375
vt 0.203125 0.4375
vt 0.203125 0.453125
vt 0.34375 0.453125
vt 0.484375 0.453125
vt 0.34375 0.453125
vt 0.34375 0.4375
vt 0.484375 0.4375
vn -0.25660481229257054 -0.03378266443126183 -0.9659258262890683
vn 0.9576621969425486 0.12607862007251913 -0.2588190451025207
vn 0.25660481229257054 0.03378266443126183 0.9659258262890683
vn -0.9576621969425486 -0.12607862007251913 0.2588190451025207
vn -0.13052619222005163 0.9914448613738104 -1.3877787807814457e-17
vn 0.13052619222005163 -0.9914448613738104 1.3877787807814457e-17
usemtl m_0
f 108/316/79 111/315/79 109/314/79 106/313/79
f 107/320/80 108/319/80 106/318/80 105/317/80
f 112/324/81 107/323/81 105/322/81 110/321/81
f 111/328/82 112/327/82 110/326/82 109/325/82
f 110/332/83 105/331/83 106/330/83 109/329/83
f 111/336/84 108/335/84 107/334/84 112/333/84
o Wing Right Lower
v 0.6459977876930522 1.2745606220180095 -0.017241008247374155
v 0.6299599869247665 1.2724492054910554 -0.07761137239044093
v 0.6623135617205586 1.150630014346283 -0.017241008247374155
v 0.6462757609522729 1.1485185978193293 -0.07761137239044093
v 0.3905444376891293 1.2409295504729256 -0.012906611114810767
v 0.4065822384574149 1.2430409669998796 0.047463753028256006
v 0.4068602117166358 1.1169989428011995 -0.012906611114810767
v 0.4228980124849214 1.1191103593281533 0.047463753028256006
vt 0.015625 0.984375
vt 0.078125 0.984375
vt 0.078125 0.953125
vt 0.015625 0.953125
vt 0 0.984375
vt 0.015625 0.984375
vt 0.015625 0.953125
vt 0 0.953125
vt 0.09375 0.984375
vt 0.15625 0.984375
vt 0.15625 0.953125
vt 0.09375 0.953125
vt 0.078125 0.984375
vt 0.09375 0.984375
vt 0.09375 0.953125
vt 0.078125 0.953125
vt 0.078125 0.984375
vt 0.015625 0.984375
vt 0.015625 1
vt 0.078125 1
vt 0.140625 1
vt 0.078125 1
vt 0.078125 0.984375
vt 0.140625 0.984375
vn -0.25660481229257054 -0.03378266443126183 -0.9659258262890683
vn 0.9576621969425486 0.12607862007251913 -0.2588190451025207
vn 0.25660481229257054 0.03378266443126183 0.9659258262890683
vn -0.9576621969425486 -0.12607862007251913 0.2588190451025207
vn -0.13052619222005163 0.9914448613738104 -1.3877787807814457e-17
vn 0.13052619222005163 -0.9914448613738104 1.3877787807814457e-17
usemtl m_0
f 116/340/85 119/339/85 117/338/85 114/337/85
f 115/344/86 116/343/86 114/342/86 113/341/86
f 120/348/87 115/347/87 113/346/87 118/345/87
f 119/352/88 120/351/88 118/350/88 117/349/88
f 118/356/89 113/355/89 114/354/89 117/353/89
f 119/360/90 116/359/90 115/358/90 120/357/90
o Arm Right
v 0.5070304021774532 0.6146923600923114 -0.057399072215571306
v 0.4674099401392621 0.5588297605150758 -0.23194373399688648
v 0.6558326367598989 -0.03364043998146582 0.11632117799080594
v 0.6162121747217079 -0.08950303955870142 -0.058223483790509234
v 0.28869358510457627 0.531062838145723 -0.18248958892035672
v 0.3283140471427673 0.5869254377229586 -0.007944927139041533
v 0.437495819687022 -0.11726996192805428 -0.008769338713979447
v 0.47711628172521303 -0.06140736235081867 0.16577532306733572
vt 0.046875 0.40625
vt 0.09375 0.40625
vt 0.09375 0.234375
vt 0.046875 0.234375
vt 0 0.40625
vt 0.046875 0.40625
vt 0.046875 0.234375
vt 0 0.234375
vt 0.140625 0.40625
vt 0.1875 0.40625
vt 0.1875 0.234375
vt 0.140625 0.234375
vt 0.09375 0.40625
vt 0.140625 0.40625
vt 0.140625 0.234375
vt 0.09375 0.234375
vt 0.09375 0.40625
vt 0.046875 0.40625
vt 0.046875 0.453125
vt 0.09375 0.453125
vt 0.140625 0.453125
vt 0.09375 0.453125
vt 0.09375 0.40625
vt 0.140625 0.40625
vn -0.21130913087035208 -0.29793386441192304 -0.930904862833681
vn 0.9531538935183245 0.1480902526365486 -0.2637554404081588
vn 0.21130913087035208 0.29793386441192304 0.930904862833681
vn -0.9531538935183245 -0.1480902526365486 0.2637554404081588
vn -0.21643961393810288 0.9430295273800399 -0.25268400030018506
vn 0.21643961393810288 -0.9430295273800399 0.25268400030018506
usemtl m_0
f 124/364/91 127/363/91 125/362/91 122/361/91
f 123/368/92 124/367/92 122/366/92 121/365/92
f 128/372/93 123/371/93 121/370/93 126/369/93
f 127/376/94 128/375/94 126/374/94 125/373/94
f 126/380/95 121/379/95 122/378/95 125/377/95
f 127/384/96 124/383/96 123/382/96 128/381/96
o Arm Left
v -0.31919097801918483 0.5908614429638042 -0.015149869148551987
v -0.29508912688116007 0.530908351638746 -0.19116400952451645
v -0.4385741001651994 -0.05485770203845697 0.1884445952266336
v -0.4144722490271746 -0.11481079336351518 0.012430454850669126
v -0.4781608617871056 0.5543354267617029 -0.22421188433834582
v -0.5022627129251304 0.6142885180867611 -0.04819774396238137
v -0.5975439839331201 -0.09138371824055824 -0.020617419963160258
v -0.6216458350711449 -0.031430626915500026 0.15539672041280417
vt 0.09375 0.40625
vt 0.046875 0.40625
vt 0.046875 0.234375
vt 0.09375 0.234375
vt 0.140625 0.40625
vt 0.09375 0.40625
vt 0.09375 0.234375
vt 0.140625 0.234375
vt 0.1875 0.40625
vt 0.140625 0.40625
vt 0.140625 0.234375
vt 0.1875 0.234375
vt 0.046875 0.40625
vt 0 0.40625
vt 0 0.234375
vt 0.046875 0.234375
vt 0.046875 0.40625
vt 0.09375 0.40625
vt 0.09375 0.453125
vt 0.046875 0.453125
vt 0.09375 0.453125
vt 0.140625 0.453125
vt 0.140625 0.40625
vt 0.09375 0.40625
vn 0.12854320606946537 -0.3197498204003106 -0.9387420820051439
vn 0.9763825861650428 -0.12494440065577042 0.17625533234042345
vn -0.12854320606946537 0.3197498204003106 0.9387420820051439
vn -0.9763825861650428 0.12494440065577042 -0.17625533234042345
vn 0.17364817766693022 0.9392278472760163 -0.2961374027275427
vn -0.17364817766693022 -0.9392278472760163 0.2961374027275427
usemtl m_0
f 132/388/97 135/387/97 133/386/97 130/385/97
f 131/392/98 132/391/98 130/390/98 129/389/98
f 136/396/99 131/395/99 129/394/99 134/393/99
f 135/400/100 136/399/100 134/398/100 133/397/100
f 134/404/101 129/403/101 130/402/101 133/401/101
f 135/408/102 132/407/102 131/406/102 136/405/102
o Lower1
v -1.3634487333922225 0.7448256823636064 0.6605318007932288
v -1.2202091160513873 0.7405596421519959 0.3139928954377638
v -1.3790093636468332 0.6208950746918802 0.6556255529197561
v -1.2357697463059982 0.6166290344802696 0.3090866475642912
v -1.5636158910264375 0.789320704896392 0.1714476546849686
v -1.7068555083672725 0.7935867451080024 0.5179865600404335
v -1.5791765212810482 0.6653900972246657 0.16654140681149598
v -1.7224161386218833 0.6696561374362762 0.5130803121669609
vt 0.46875 0.90625
vt 0.5625 0.90625
vt 0.5625 0.875
vt 0.46875 0.875
vt 0.375 0.90625
vt 0.46875 0.90625
vt 0.46875 0.875
vt 0.375 0.875
vt 0.65625 0.90625
vt 0.75 0.90625
vt 0.75 0.875
vt 0.65625 0.875
vt 0.5625 0.90625
vt 0.65625 0.90625
vt 0.65625 0.875
vt 0.5625 0.875
vt 0.5625 0.90625
vt 0.46875 0.90625
vt 0.46875 1
vt 0.5625 1
vt 0.65625 1
vt 0.5625 1
vt 0.5625 0.90625
vt 0.65625 0.90625
vn 0.38197231290889366 -0.011376107230961458 -0.9241037476145739
vn 0.915751399933467 -0.1300295006517228 0.38012064200745416
vn -0.38197231290889366 0.011376107230961458 0.9241037476145739
vn -0.915751399933467 0.1300295006517228 -0.38012064200745416
vn 0.12448504203688744 0.99144486137381 0.03924998298778086
vn -0.12448504203688744 -0.99144486137381 -0.03924998298778086
usemtl m_1
f 140/412/103 143/411/103 141/410/103 138/409/103
f 139/416/104 140/415/104 138/414/104 137/413/104
f 144/420/105 139/419/105 137/418/105 142/417/105
f 143/424/106 144/423/106 142/422/106 141/421/106
f 142/428/107 137/427/107 138/426/107 141/425/107
f 143/432/108 140/431/108 139/430/108 144/429/108
o Lower2
v -1.4738028631268043 0.5603587649728747 0.49495760977863523
v -1.40241249770328 0.5554525170994024 0.3924669055343006
v -1.4893634933814153 0.4364281573011485 0.49005136190516263
v -1.4179731279578909 0.4315219094276761 0.387560657660828
v -1.5038338096193409 0.5710131473540133 0.32107654011077613
v -1.5752241750428653 0.5759193952274857 0.4235672443551108
v -1.5193944398739518 0.4470825396822871 0.31617029223730353
v -1.5907848052974762 0.4519887875557595 0.4186609964816382
vt 0.03125 0.96875
vt 0.0625 0.96875
vt 0.0625 0.9375
vt 0.03125 0.9375
vt 0 0.96875
vt 0.03125 0.96875
vt 0.03125 0.9375
vt 0 0.9375
vt 0.09375 0.96875
vt 0.125 0.96875
vt 0.125 0.9375
vt 0.09375 0.9375
vt 0.0625 0.96875
vt 0.09375 0.96875
vt 0.09375 0.9375
vt 0.0625 0.9375
vt 0.0625 0.96875
vt 0.03125 0.96875
vt 0.03125 1
vt 0.0625 1
vt 0.09375 1
vt 0.0625 1
vt 0.0625 0.96875
vt 0.09375 0.96875
vn 0.5711229233881955 -0.03924998298777905 -0.8199256339546779
vn 0.8113704953284879 -0.12448504203688798 0.5711229233881956
vn -0.5711229233881955 0.03924998298777905 0.8199256339546779
vn -0.8113704953284879 0.12448504203688798 -0.5711229233881956
vn 0.12448504203688746 0.9914448613738102 0.03924998298778086
vn -0.12448504203688746 -0.9914448613738102 -0.03924998298778086
usemtl m_1
f 148/436/109 151/435/109 149/434/109 146/433/109
f 147/440/110 148/439/110 146/438/110 145/437/110
f 152/444/111 147/443/111 145/442/111 150/441/111
f 151/448/112 152/447/112 150/446/112 149/445/112
f 150/452/113 145/451/113 146/450/113 149/449/113
f 151/456/114 148/455/114 147/454/114 152/453/114
o Head
v -1.3183292871463685 1.3499261700275276 0.7561029805570713
v -1.0705229915133967 1.314031040562377 0.3233171449231587
v -1.353785449682129 0.8516283432583448 0.7771300197054443
v -1.105979154049157 0.8157332137931942 0.3443441840715318
v -1.5033450108041229 1.3342996250662231 0.07380906068677845
v -1.751151306437095 1.3701947545313737 0.506594896320691
v -1.5388011733398834 0.8360017982970405 0.09483609983515146
v -1.7866074689728553 0.8718969277621911 0.5276219354690641
vt 0.125 0.875
vt 0.25 0.875
vt 0.25 0.75
vt 0.125 0.75
vt 0 0.875
vt 0.125 0.875
vt 0.125 0.75
vt 0 0.75
vt 0.375 0.875
vt 0.5 0.875
vt 0.5 0.75
vt 0.375 0.75
vt 0.25 0.875
vt 0.375 0.875
vt 0.375 0.75
vt 0.25 0.75
vt 0.25 0.875
vt 0.125 0.875
vt 0.125 1
vt 0.25 1
vt 0.375 1
vt 0.25 1
vt 0.25 0.875
vt 0.375 0.875
vn 0.4956125912659441 -0.07179025893030115 -0.8655716712678256
vn 0.8656440385814527 -0.040537169007692435 0.49901616847276065
vn -0.4956125912659441 0.07179025893030115 0.8655716712678256
vn -0.8656440385814527 0.040537169007692435 -0.49901616847276065
vn 0.07091232507152097 0.9965956535383658 -0.04205407829674613
vn -0.07091232507152097 -0.9965956535383658 0.04205407829674613
usemtl m_1
f 156/460/115 159/459/115 157/458/115 154/457/115
f 155/464/116 156/463/116 154/462/116 153/461/116
f 160/468/117 155/467/117 153/466/117 158/465/117
f 159/472/118 160/471/118 158/470/118 157/469/118
f 158/476/119 153/475/119 154/474/119 157/473/119
f 159/480/120 156/479/120 155/478/120 160/477/120
o Halo
v -1.255132790386767 1.437811485357676 0.7723129187891609
v -1.0446866653712463 1.4255062414337414 0.3189245538767781
v -1.2631317025757984 1.375858753651042 0.77028155523775
v -1.0526855775602777 1.3635535097271074 0.3168931903253671
v -1.4937050862724943 1.4903719423354194 0.10874629967838662
v -1.704151211288015 1.502677186259354 0.5621346645907694
v -1.5017039984615257 1.4284192106287854 0.10671493612697563
v -1.7121501234770466 1.4407244545527202 0.5601033010393585
vt 0.125 0.625
vt 0.25 0.625
vt 0.25 0.609375
vt 0.125 0.609375
vt 0 0.625
vt 0.125 0.625
vt 0.125 0.609375
vt 0 0.609375
vt 0.375 0.625
vt 0.5 0.625
vt 0.5 0.609375
vt 0.375 0.609375
vt 0.25 0.625
vt 0.375 0.625
vt 0.375 0.609375
vt 0.25 0.609375
vt 0.25 0.625
vt 0.125 0.625
vt 0.125 0.75
vt 0.25 0.75
vt 0.375 0.75
vt 0.25 0.75
vt 0.25 0.625
vt 0.375 0.625
vn 0.4208922500310416 -0.024610487847869372 -0.9067767298247662
vn 0.8980368418024962 -0.12973140180335596 0.4203565083967831
vn -0.4208922500310416 0.024610487847869372 0.9067767298247662
vn -0.8980368418024962 0.12973140180335596 -0.4203565083967831
vn 0.1279825950245018 0.9912437073061429 0.0325018168225763
vn -0.1279825950245018 -0.9912437073061429 -0.0325018168225763
usemtl m_1
f 164/484/121 167/483/121 165/482/121 162/481/121
f 163/488/122 164/487/122 162/486/122 161/485/122
f 168/492/123 163/491/123 161/490/123 166/489/123
f 167/496/124 168/495/124 166/494/124 165/493/124
f 166/500/125 161/499/125 162/498/125 165/497/125
f 167/504/126 164/503/126 163/502/126 168/501/126
o Halo Inner
v -1.3164206252414141 1.4501363073214846 0.6094262803772879
v -1.2110323065041178 1.4458770356076183 0.3827653863567412
v -1.3242009403687196 1.3881710034856214 0.6069731564405515
v -1.2188126216314232 1.383911731771755 0.3803122624200049
v -1.4355869088128728 1.4782294162454341 0.2777484636774763
v -1.5409752275501694 1.4824886879593004 0.5044093576980229
v -1.4433672239401782 1.4162641124095712 0.27529533974073994
v -1.5487555426774746 1.4205233841234375 0.5019562337612865
vt 0.421875 0.453125
vt 0.359375 0.453125
vt 0.359375 0.46875
vt 0.421875 0.46875
vt 0.484375 0.453125
vt 0.421875 0.453125
vt 0.421875 0.46875
vt 0.484375 0.46875
vt 0.296875 0.453125
vt 0.234375 0.453125
vt 0.234375 0.46875
vt 0.296875 0.46875
vt 0.359375 0.453125
vt 0.296875 0.453125
vt 0.296875 0.46875
vt 0.359375 0.46875
vt 0.359375 0.453125
vt 0.421875 0.453125
vt 0.421875 0.390625
vt 0.359375 0.390625
vt 0.296875 0.390625
vt 0.359375 0.390625
vt 0.359375 0.453125
vt 0.296875 0.453125
vn 0.4215532749491857 -0.01703708685546526 -0.9066435760821865
vn 0.8982184092350204 -0.12940952255126376 0.4200676907170599
vn -0.4215532749491857 0.01703708685546526 0.9066435760821865
vn -0.8982184092350204 0.12940952255126376 -0.4200676907170599
vn 0.12448504203688744 0.99144486137381 0.03924998298778085
vn -0.12448504203688744 -0.99144486137381 -0.03924998298778085
usemtl m_1
f 172/508/127 175/507/127 173/506/127 170/505/127
f 171/512/128 172/511/128 170/510/128 169/509/128
f 176/516/129 171/515/129 169/514/129 174/513/129
f 175/520/130 176/519/130 174/518/130 173/517/130
f 174/524/131 169/523/131 170/522/131 173/521/131
f 175/528/132 172/527/132 171/526/132 176/525/132
o Wing Right Lower
v -0.9331776975872504 1.084056239519052 0.7534724377296698
v -0.9170538888874876 1.0837105605434658 0.6930890517774123
v -0.9440450131565636 0.959548772011652 0.7512833769240487
v -0.9279212044568008 0.9592030930360659 0.6908999909717912
v -1.1576115129559894 1.1058386023978273 0.6287277336879846
v -1.1737353216557522 1.1061842813734133 0.689111119640242
v -1.1684788285253025 0.9813311348904272 0.6265386728823634
v -1.1846026372250653 0.9816768138660134 0.6869220588346209
vt 0.453125 0.671875
vt 0.390625 0.671875
vt 0.390625 0.640625
vt 0.453125 0.640625
vt 0.46875 0.671875
vt 0.453125 0.671875
vt 0.453125 0.640625
vt 0.46875 0.640625
vt 0.53125 0.671875
vt 0.46875 0.671875
vt 0.46875 0.640625
vt 0.53125 0.640625
vt 0.390625 0.671875
vt 0.375 0.671875
vt 0.375 0.640625
vt 0.390625 0.640625
vt 0.390625 0.671875
vt 0.453125 0.671875
vt 0.453125 0.6875
vt 0.390625 0.6875
vt 0.453125 0.6875
vt 0.515625 0.6875
vt 0.515625 0.671875
vt 0.453125 0.671875
vn 0.2579809391962057 -0.005530863609377921 -0.9661341752361202
vn 0.962230496274011 -0.08851216741744578 0.25744527235771236
vn -0.2579809391962057 0.005530863609377921 0.9661341752361202
vn -0.962230496274011 0.08851216741744578 -0.25744527235771236
vn 0.08693852455450513 0.9960597400591996 0.01751248644496885
vn -0.08693852455450513 -0.9960597400591996 -0.01751248644496885
usemtl m_1
f 180/532/133 183/531/133 181/530/133 178/529/133
f 179/536/134 180/535/134 178/534/134 177/533/134
f 184/540/135 179/539/135 177/538/135 182/537/135
f 183/544/136 184/543/136 182/542/136 181/541/136
f 182/548/137 177/547/137 178/546/137 181/545/137
f 183/552/138 180/551/138 179/550/138 184/549/138
o Wing Right Upper
v -0.7364585061819038 1.2542214093893809 0.8050270175051726
v -0.7203346974821409 1.2538757304137946 0.744643631552915
v -0.7527594795358734 1.067460208128281 0.8017434262967409
v -0.7366356708361106 1.0671145291526947 0.7413600403444834
v -1.1413105396020196 1.292599803658927 0.6320113248964162
v -1.1574343483017824 1.2929454826345133 0.6923947108486737
v -1.1576115129559894 1.1058386023978273 0.6287277336879846
v -1.1737353216557522 1.1061842813734133 0.689111119640242
vt 0.5 0.734375
vt 0.390625 0.734375
vt 0.390625 0.6875
vt 0.5 0.6875
vt 0.515625 0.734375
vt 0.5 0.734375
vt 0.5 0.6875
vt 0.515625 0.6875
vt 0.625 0.734375
vt 0.515625 0.734375
vt 0.515625 0.6875
vt 0.625 0.6875
vt 0.390625 0.734375
vt 0.375 0.734375
vt 0.375 0.6875
vt 0.390625 0.6875
vt 0.390625 0.734375
vt 0.5 0.734375
vt 0.5 0.75
vt 0.390625 0.75
vt 0.5 0.75
vt 0.609375 0.75
vt 0.609375 0.734375
vt 0.5 0.734375
vn 0.2579809391962057 -0.005530863609377921 -0.9661341752361202
vn 0.962230496274011 -0.08851216741744578 0.25744527235771236
vn -0.2579809391962057 0.005530863609377921 0.9661341752361202
vn -0.962230496274011 0.08851216741744578 -0.25744527235771236
vn 0.08693852455450513 0.9960597400591996 0.01751248644496885
vn -0.08693852455450513 -0.9960597400591996 -0.01751248644496885
usemtl m_1
f 188/556/139 191/555/139 189/554/139 186/553/139
f 187/560/140 188/559/140 186/558/140 185/557/140
f 192/564/141 187/563/141 185/562/141 190/561/141
f 191/568/142 192/567/142 190/566/142 189/565/142
f 190/572/143 185/571/143 186/570/143 189/569/143
f 191/576/144 188/575/144 187/574/144 192/573/144
o Wing Right Upper
v -1.73470160336506 1.3709024636089235 0.3542267554290423
v -1.6893200856276294 1.3644118723246812 0.3117456999733667
v -1.7788427242178726 1.1897156498699386 0.334754981576315
v -1.733461206480442 1.1832250585856963 0.2922739261206394
v -1.97195670587499 1.4674078209812442 -0.0059249241886470405
v -2.0173382236124207 1.4738984122654866 0.03655613126702853
v -2.016097826727803 1.2862210072422593 -0.0253966980413744
v -2.0614793444652335 1.2927115985265016 0.0170843574143012
vt 0.390625 0.734375
vt 0.5 0.734375
vt 0.5 0.6875
vt 0.390625 0.6875
vt 0.375 0.734375
vt 0.390625 0.734375
vt 0.390625 0.6875
vt 0.375 0.6875
vt 0.515625 0.734375
vt 0.625 0.734375
vt 0.625 0.6875
vt 0.515625 0.6875
vt 0.5 0.734375
vt 0.515625 0.734375
vt 0.515625 0.6875
vt 0.5 0.6875
vt 0.5 0.734375
vt 0.390625 0.734375
vt 0.390625 0.75
vt 0.5 0.75
vt 0.609375 0.75
vt 0.5 0.75
vt 0.5 0.734375
vt 0.609375 0.734375
vn 0.7261042837988896 -0.10384946054787807 -0.6796968872908102
vn 0.6460265605653966 -0.23541931121500148 0.7261042837988895
vn -0.7261042837988896 0.10384946054787807 0.6796968872908102
vn -0.6460265605653966 0.23541931121500148 -0.7261042837988895
vn 0.2354193112150011 0.9663296732745865 0.10384946054787901
vn -0.2354193112150011 -0.9663296732745865 -0.10384946054787901
usemtl m_1
f 196/580/145 199/579/145 197/578/145 194/577/145
f 195/584/146 196/583/146 194/582/146 193/581/146
f 200/588/147 195/587/147 193/586/147 198/585/147
f 199/592/148 200/591/148 198/590/148 197/589/148
f 198/596/149 193/595/149 194/594/149 197/593/149
f 199/600/150 196/599/150 195/598/150 200/597/150
o Wing Right Lower
v -1.7788427242178726 1.1897156498699386 0.334754981576315
v -1.733461206480442 1.1832250585856963 0.2922739261206394
v -1.8082701381197477 1.0689244407106153 0.3217737990078301
v -1.762888620382317 1.062433849426373 0.2792927435521545
